                 0111111110                 
            01111111111111111110            
         01111111111111111111111110         
       111111111111111111111111111111       
     0111111111111111111111111111111110     
    111111101111111111111111111101111111    
   1111111     011100  001110     1111111   
  11111111                        11111111  
 111111111                        111111111 
 111111110                        011111111 
111111110                          111111111
11111111                            11111111
11111111                            11111111
11111111                            11111111
111111110                          111111111
011111111                          111111111
 1111111110                      0111111111 
 011111111111                  111111111110 
  11111  011111111        1111111111111111  
   111110  111111          11111111111111   
    011110                 1111111111110    
      11111                11111111111      
        111111111          111111111        
          0111111          1111110          
              110          011              